0 1 8 4 1 502 549 989 517 536 27 975 997 1000 1 563 23 467 995 922 504 49 65 996 514 999 
1 1 14 4 503 492 206 989 8 271 531 469 543 985 50 94 1 446 549 259 14 27 323 502 299 466 
2 1 517 536 27 967 694 480 517 600 725 975 997 1000 571 601 519 956 926 658 609 727 43 950 977 492 
3 1 7 620 524 185 995 922 1 563 80 229 932 451 195 577 532 467 944 840 292 590 23 442 993 397 
4 1 549 242 123 955 514 518 617 49 65 948 233 505 504 85 551 747 443 950 855 64 779 996 458 999 
5 1 311 55 607 418 169 809 14 4 524 260 156 708 56 8 817 254 178 989 475 63 503 492 206 744 
6 1 240 271 890 469 543 985 200 272 570 320 389 681 134 284 788 380 497 803 8 377 531 67 428 574 
7 1 50 335 178 303 549 236 210 350 3 397 495 81 252 144 1 253 190 248 426 94 4 446 120 259 
8 1 14 91 364 15 114 455 47 27 336 76 59 356 408 298 465 409 299 466 501 152 323 502 153 324 
9 1 720 545 322 876 694 480 786 576 27 967 684 200 517 604 395 629 663 452 530 536 142 579 686 256 
10 1 568 600 747 711 729 910 517 798 726 692 990 912 895 695 725 975 874 925 843 996 999 844 997 1000 
11 1 783 802 519 878 829 625 571 601 607 844 627 658 604 686 543 753 699 585 946 837 534 956 926 540 
12 1 609 727 43 615 957 73 623 863 315 668 977 492 691 739 139 737 805 150 949 876 391 950 877 392 
13 1 7 868 572 146 995 693 65 636 524 185 785 570 61 806 851 109 950 922 131 620 834 154 848 886 
14 1 106 624 314 169 903 451 1 563 94 98 708 194 80 782 80 126 932 204 197 842 123 229 864 230 
15 1 195 733 567 386 762 840 232 577 532 467 605 698 290 919 540 456 944 665 301 875 726 351 896 823 
16 1 297 697 23 312 993 143 367 590 35 438 932 71 292 846 316 375 923 368 441 684 396 442 685 397 
17 1 894 242 188 955 399 518 710 405 123 770 514 381 569 305 151 612 393 267 549 290 436 697 346 472 
18 1 628 114 326 751 161 505 617 90 65 796 218 80 708 49 274 948 59 286 694 218 146 892 233 156 
19 1 509 255 627 586 443 689 706 85 551 745 109 600 504 147 856 616 362 950 737 174 826 747 314 859 
20 1 945 435 890 996 458 999 862 195 779 940 210 780 855 64 811 856 65 812 987 185 895 988 186 896 
21 1 329 55 607 353 58 640 345 92 657 376 169 678 311 110 743 375 132 809 394 67 659 418 83 676 
22 1 197 115 553 211 156 645 53 76 524 80 82 641 14 126 707 15 127 708 259 4 525 260 5 526 
23 1 56 8 918 57 9 919 191 177 817 192 178 818 147 165 988 148 166 989 253 136 855 254 137 856 
24 1 475 155 503 476 156 504 484 205 743 485 206 744 491 63 699 492 64 700 0 0 0 0 0 0 
25 1 240 521 902 250 543 985 393 397 890 398 501 904 456 271 949 469 458 983 260 407 895 261 408 896 
26 1 200 272 680 201 273 681 308 388 570 309 389 571 275 272 587 276 273 588 319 367 661 320 368 662 
27 1 134 284 788 135 285 789 225 425 802 226 426 803 379 496 793 380 497 794 0 0 0 0 0 0 
28 1 8 377 531 9 378 532 66 427 573 67 428 574 0 0 0 0 0 0 0 0 0 0 0 0 
29 1 50 436 194 74 532 202 104 462 227 143 506 236 189 335 178 190 336 179 302 548 225 303 549 226 
30 1 210 383 3 223 457 5 303 426 70 304 427 71 396 350 36 397 351 37 351 494 80 352 495 81 
31 1 252 189 247 253 190 248 252 144 1 253 145 2 0 0 0 0 0 0 0 0 0 0 0 0 
32 1 426 94 258 427 95 259 445 119 4 446 120 5 0 0 0 0 0 0 0 0 0 0 0 0 
33 1 14 113 454 15 114 455 14 91 364 15 92 365 0 0 0 0 0 0 0 0 0 0 0 0 
34 1 47 58 336 48 59 337 75 27 355 76 28 356 0 0 0 0 0 0 0 0 0 0 0 0 
35 2 408 298 465 409 299 466
36 2 501 152 323 502 153 324
37 1 720 552 357 786 566 376 808 545 448 821 586 480 842 693 397 843 694 398 875 653 322 876 654 323 
38 1 955 630 153 967 684 177 786 576 142 787 577 143 951 611 27 952 612 28 835 592 199 836 593 200 
39 1 532 606 395 533 607 396 517 662 426 518 663 427 628 604 451 629 605 452 517 654 438 518 655 439 
40 1 530 685 142 531 686 143 578 536 255 579 537 256 0 0 0 0 0 0 0 0 0 0 0 0 
41 1 568 682 755 663 692 803 689 600 747 708 728 778 596 721 853 711 729 897 645 656 909 646 657 910 
42 1 517 989 751 518 990 752 576 867 911 577 868 912 691 837 726 692 838 727 611 798 900 612 799 901 
43 1 963 695 924 964 696 925 895 789 743 896 790 744 959 873 725 960 874 726 974 775 870 975 776 871 
44 2 843 996 999 844 997 1000
45 1 783 802 519 784 803 520 854 828 624 855 829 625 877 821 582 878 822 583 802 806 526 803 807 527 
46 1 571 601 607 572 602 608 843 626 657 844 627 658 740 612 620 741 613 621 0 0 0 0 0 0 
47 1 604 698 584 605 699 585 752 686 543 753 687 544 0 0 0 0 0 0 0 0 0 0 0 0 
48 1 946 837 534 947 838 535 955 925 539 956 926 540 0 0 0 0 0 0 0 0 0 0 0 0 
49 1 609 956 72 610 957 73 614 727 43 615 728 44 0 0 0 0 0 0 0 0 0 0 0 0 
50 1 623 863 491 624 864 492 667 976 315 668 977 316 0 0 0 0 0 0 0 0 0 0 0 0 
51 1 691 804 149 692 805 150 736 739 139 737 740 140 0 0 0 0 0 0 0 0 0 0 0 0 
52 2 949 876 391 950 877 392
53 1 7 940 572 28 995 602 31 868 644 32 869 645 141 905 692 142 906 693 145 981 619 146 982 620 
54 1 65 784 524 66 785 525 150 636 569 151 637 570 184 737 555 185 738 556 0 0 0 0 0 0 
55 1 61 806 852 62 807 853 104 949 921 105 950 922 108 869 851 109 870 852 0 0 0 0 0 0 
56 1 131 847 864 132 848 865 153 620 885 154 621 886 140 733 834 141 734 835 0 0 0 0 0 0 
57 1 144 624 340 169 631 403 106 902 441 107 903 442 109 743 314 110 744 315 166 663 450 167 664 451 
58 1 1 563 193 2 564 194 5 707 100 6 708 101 97 625 94 98 626 95 0 0 0 0 0 0 
59 1 80 782 171 81 783 172 109 907 203 110 908 204 125 931 80 126 932 81 0 0 0 0 0 0 
60 1 197 842 123 198 843 124 228 863 229 229 864 230 0 0 0 0 0 0 0 0 0 0 0 0 
61 1 195 761 839 196 762 840 297 739 567 298 740 568 353 733 745 354 734 746 385 735 608 386 736 609 
62 1 232 577 532 233 578 533 454 604 697 455 605 698 466 597 634 467 598 635 0 0 0 0 0 0 
63 1 290 919 551 291 920 552 455 921 664 456 922 665 422 943 540 423 944 541 0 0 0 0 0 0 
64 1 301 875 726 302 876 727 350 895 822 351 896 823 0 0 0 0 0 0 0 0 0 0 0 0 
65 1 297 840 23 298 841 24 300 943 127 301 944 128 307 697 142 308 698 143 311 992 38 312 993 39 
66 1 389 590 70 390 591 71 367 834 35 368 835 36 437 931 48 438 932 49 0 0 0 0 0 0 
67 1 292 922 367 293 923 368 374 846 316 375 847 317 0 0 0 0 0 0 0 0 0 0 0 0 
68 2 441 684 396 442 685 397
69 1 894 242 188 906 291 228 911 367 432 915 399 518 954 398 241 955 399 242 941 286 336 942 287 337 
70 1 732 405 201 770 411 280 721 475 123 722 476 124 710 513 303 711 514 304 747 496 380 748 497 381 
71 1 569 305 173 570 306 174 611 392 266 612 393 267 572 361 151 573 362 152 0 0 0 0 0 0 
72 1 549 345 471 550 346 472 696 290 436 697 291 437 0 0 0 0 0 0 0 0 0 0 0 0 
73 1 628 160 504 629 161 505 744 154 326 745 155 327 750 114 404 751 115 405 662 114 492 663 115 493 
74 1 687 90 79 688 91 80 617 217 65 618 218 66 795 196 70 796 197 71 0 0 0 0 0 0 
75 1 708 49 285 709 50 286 947 58 274 948 59 275 0 0 0 0 0 0 0 0 0 0 0 0 
76 1 694 218 155 695 219 156 891 232 146 892 233 147 0 0 0 0 0 0 0 0 0 0 0 0 
77 1 509 382 688 510 383 689 574 442 627 575 443 628 585 255 684 586 256 685 0 0 0 0 0 0 
78 1 706 85 551 707 86 552 744 108 599 745 109 600 0 0 0 0 0 0 0 0 0 0 0 0 
79 1 504 147 949 505 148 950 615 361 856 616 362 857 0 0 0 0 0 0 0 0 0 0 0 0 
80 1 737 313 826 738 314 827 746 174 858 747 175 859 0 0 0 0 0 0 0 0 0 0 0 0 
81 1 945 435 890 946 436 891 995 457 998 996 458 999 0 0 0 0 0 0 0 0 0 0 0 0 
82 1 862 209 779 863 210 780 939 195 779 940 196 780 0 0 0 0 0 0 0 0 0 0 0 0 
83 2 855 64 811 856 65 812
84 2 987 185 895 988 186 896
85 1 329 55 639 330 56 640 352 57 607 353 58 608 0 0 0 0 0 0 0 0 0 0 0 0 
86 1 345 168 657 346 169 658 375 92 677 376 93 678 0 0 0 0 0 0 0 0 0 0 0 0 
87 1 311 110 808 312 111 809 374 131 743 375 132 744 0 0 0 0 0 0 0 0 0 0 0 0 
88 1 394 67 675 395 68 676 417 82 659 418 83 660 0 0 0 0 0 0 0 0 0 0 0 0 
89 1 197 155 644 198 156 645 210 115 553 211 116 554 0 0 0 0 0 0 0 0 0 0 0 0 
90 1 53 81 524 54 82 525 79 76 640 80 77 641 0 0 0 0 0 0 0 0 0 0 0 0 
91 2 14 126 707 15 127 708
92 2 259 4 525 260 5 526
93 2 56 8 918 57 9 919
94 2 191 177 817 192 178 818
95 2 147 165 988 148 166 989
96 2 253 136 855 254 137 856
97 2 475 155 503 476 156 504
98 2 484 205 743 485 206 744
99 2 491 63 699 492 64 700
101 1 240 521 902 241 522 903 249 542 984 250 543 985 0 0 0 0 0 0 0 0 0 0 0 0 
102 1 393 397 903 394 398 904 397 500 890 398 501 891 0 0 0 0 0 0 0 0 0 0 0 0 
103 1 456 271 982 457 272 983 468 457 949 469 458 950 0 0 0 0 0 0 0 0 0 0 0 0 
104 2 260 407 895 261 408 896
105 2 200 272 680 201 273 681
106 2 308 388 570 309 389 571
107 2 275 272 587 276 273 588
108 2 319 367 661 320 368 662
109 2 134 284 788 135 285 789
110 2 225 425 802 226 426 803
111 2 379 496 793 380 497 794
113 2 8 377 531 9 378 532
114 2 66 427 573 67 428 574
117 1 50 531 194 51 532 195 73 436 201 74 437 202 0 0 0 0 0 0 0 0 0 0 0 0 
118 1 104 505 227 105 506 228 142 462 235 143 463 236 0 0 0 0 0 0 0 0 0 0 0 0 
119 2 189 335 178 190 336 179
120 2 302 548 225 303 549 226
121 1 210 456 3 211 457 4 222 383 4 223 384 5 0 0 0 0 0 0 0 0 0 0 0 0 
122 2 303 426 70 304 427 71
123 2 396 350 36 397 351 37
124 2 351 494 80 352 495 81
125 2 252 189 247 253 190 248
126 2 252 144 1 253 145 2
129 2 426 94 258 427 95 259
130 2 445 119 4 446 120 5
133 2 14 113 454 15 114 455
134 2 14 91 364 15 92 365
137 2 47 58 336 48 59 337
138 2 75 27 355 76 28 356
149 1 720 565 375 721 566 376 785 552 357 786 553 358 0 0 0 0 0 0 0 0 0 0 0 0 
150 1 808 585 479 809 586 480 820 545 448 821 546 449 0 0 0 0 0 0 0 0 0 0 0 0 
151 2 842 693 397 843 694 398
152 2 875 653 322 876 654 323
153 1 955 630 176 956 631 177 966 683 153 967 684 154 0 0 0 0 0 0 0 0 0 0 0 0 
154 2 786 576 142 787 577 143
155 2 951 611 27 952 612 28
156 2 835 592 199 836 593 200
157 2 532 606 395 533 607 396
158 2 517 662 426 518 663 427
159 2 628 604 451 629 605 452
160 2 517 654 438 518 655 439
161 2 530 685 142 531 686 143
162 2 578 536 255 579 537 256
165 1 568 682 755 569 683 756 662 691 802 663 692 803 0 0 0 0 0 0 0 0 0 0 0 0 
166 1 689 727 777 690 728 778 707 600 747 708 601 748 0 0 0 0 0 0 0 0 0 0 0 0 
167 1 596 721 853 597 722 854 710 728 896 711 729 897 0 0 0 0 0 0 0 0 0 0 0 0 
168 2 645 656 909 646 657 910
169 2 517 989 751 518 990 752
170 2 576 867 911 577 868 912
171 2 691 837 726 692 838 727
172 2 611 798 900 612 799 901
173 2 963 695 924 964 696 925
174 2 895 789 743 896 790 744
175 2 959 873 725 960 874 726
176 2 974 775 870 975 776 871
181 2 783 802 519 784 803 520
182 2 854 828 624 855 829 625
183 2 877 821 582 878 822 583
184 2 802 806 526 803 807 527
185 2 571 601 607 572 602 608
186 2 843 626 657 844 627 658
187 2 740 612 620 741 613 621
189 2 604 698 584 605 699 585
190 2 752 686 543 753 687 544
193 2 946 837 534 947 838 535
194 2 955 925 539 956 926 540
197 2 609 956 72 610 957 73
198 2 614 727 43 615 728 44
201 2 623 863 491 624 864 492
202 2 667 976 315 668 977 316
205 2 691 804 149 692 805 150
206 2 736 739 139 737 740 140
213 1 7 940 601 8 941 602 27 994 572 28 995 573 0 0 0 0 0 0 0 0 0 0 0 0 
214 2 31 868 644 32 869 645
215 2 141 905 692 142 906 693
216 2 145 981 619 146 982 620
217 2 65 784 524 66 785 525
218 2 150 636 569 151 637 570
219 2 184 737 555 185 738 556
221 2 61 806 852 62 807 853
222 2 104 949 921 105 950 922
223 2 108 869 851 109 870 852
225 2 131 847 864 132 848 865
226 2 153 620 885 154 621 886
227 2 140 733 834 141 734 835
229 1 144 630 402 145 631 403 168 624 340 169 625 341 0 0 0 0 0 0 0 0 0 0 0 0 
230 2 106 902 441 107 903 442
231 2 109 743 314 110 744 315
232 2 166 663 450 167 664 451
233 2 1 563 193 2 564 194
234 2 5 707 100 6 708 101
235 2 97 625 94 98 626 95
237 2 80 782 171 81 783 172
238 2 109 907 203 110 908 204
239 2 125 931 80 126 932 81
241 2 197 842 123 198 843 124
242 2 228 863 229 229 864 230
245 2 195 761 839 196 762 840
246 2 297 739 567 298 740 568
247 2 353 733 745 354 734 746
248 2 385 735 608 386 736 609
249 2 232 577 532 233 578 533
250 2 454 604 697 455 605 698
251 2 466 597 634 467 598 635
253 2 290 919 551 291 920 552
254 2 455 921 664 456 922 665
255 2 422 943 540 423 944 541
257 2 301 875 726 302 876 727
258 2 350 895 822 351 896 823
261 2 297 840 23 298 841 24
262 2 300 943 127 301 944 128
263 2 307 697 142 308 698 143
264 2 311 992 38 312 993 39
265 2 389 590 70 390 591 71
266 2 367 834 35 368 835 36
267 2 437 931 48 438 932 49
269 2 292 922 367 293 923 368
270 2 374 846 316 375 847 317
277 1 894 290 227 895 291 228 905 242 188 906 243 189 0 0 0 0 0 0 0 0 0 0 0 0 
278 1 911 367 517 912 368 518 914 398 432 915 399 433 0 0 0 0 0 0 0 0 0 0 0 0 
279 2 954 398 241 955 399 242
280 2 941 286 336 942 287 337
281 1 732 405 279 733 406 280 769 410 201 770 411 202 0 0 0 0 0 0 0 0 0 0 0 0 
282 2 721 475 123 722 476 124
283 2 710 513 303 711 514 304
284 2 747 496 380 748 497 381
285 2 569 305 173 570 306 174
286 2 611 392 266 612 393 267
287 2 572 361 151 573 362 152
289 2 549 345 471 550 346 472
290 2 696 290 436 697 291 437
293 2 628 160 504 629 161 505
294 2 744 154 326 745 155 327
295 2 750 114 404 751 115 405
296 2 662 114 492 663 115 493
297 2 687 90 79 688 91 80
298 2 617 217 65 618 218 66
299 2 795 196 70 796 197 71
301 2 708 49 285 709 50 286
302 2 947 58 274 948 59 275
305 2 694 218 155 695 219 156
306 2 891 232 146 892 233 147
309 2 509 382 688 510 383 689
310 2 574 442 627 575 443 628
311 2 585 255 684 586 256 685
313 2 706 85 551 707 86 552
314 2 744 108 599 745 109 600
317 2 504 147 949 505 148 950
318 2 615 361 856 616 362 857
321 2 737 313 826 738 314 827
322 2 746 174 858 747 175 859
325 2 945 435 890 946 436 891
326 2 995 457 998 996 458 999
329 2 862 209 779 863 210 780
330 2 939 195 779 940 196 780
341 2 329 55 639 330 56 640
342 2 352 57 607 353 58 608
345 2 345 168 657 346 169 658
346 2 375 92 677 376 93 678
349 2 311 110 808 312 111 809
350 2 374 131 743 375 132 744
353 2 394 67 675 395 68 676
354 2 417 82 659 418 83 660
357 2 197 155 644 198 156 645
358 2 210 115 553 211 116 554
361 2 53 81 524 54 82 525
362 2 79 76 640 80 77 641
405 2 240 521 902 241 522 903
406 2 249 542 984 250 543 985
409 2 393 397 903 394 398 904
410 2 397 500 890 398 501 891
413 2 456 271 982 457 272 983
414 2 468 457 949 469 458 950
469 2 50 531 194 51 532 195
470 2 73 436 201 74 437 202
473 2 104 505 227 105 506 228
474 2 142 462 235 143 463 236
485 2 210 456 3 211 457 4
486 2 222 383 4 223 384 5
597 2 720 565 375 721 566 376
598 2 785 552 357 786 553 358
601 2 808 585 479 809 586 480
602 2 820 545 448 821 546 449
613 2 955 630 176 956 631 177
614 2 966 683 153 967 684 154
661 2 568 682 755 569 683 756
662 2 662 691 802 663 692 803
665 2 689 727 777 690 728 778
666 2 707 600 747 708 601 748
669 2 596 721 853 597 722 854
670 2 710 728 896 711 729 897
853 2 7 940 601 8 941 602
854 2 27 994 572 28 995 573
917 2 144 630 402 145 631 403
918 2 168 624 340 169 625 341
1109 2 894 290 227 895 291 228
1110 2 905 242 188 906 243 189
1113 2 911 367 517 912 368 518
1114 2 914 398 432 915 399 433
1125 2 732 405 279 733 406 280
1126 2 769 410 201 770 411 202
